Time Bin/node/sum(duration)	0	1	2	3
1.319385	0.018553	0.017604	0.802893	0.233622
2.638769	2.161486	1.734034	1.335689	2.086428
3.958154	0.762367	1.330025	1.534635	0.840128
5.277538	1.328342	1.331176	1.411260	1.675209
6.596923	1.277064	1.107897	1.362101	0.677013
7.916307	1.642151	1.337711	1.331401	1.833808
9.235692	0.903641	1.052194	1.325438	0.805573
10.555077	1.203311	1.458752	1.788421	1.346114
11.874461	1.328031	1.666732	0.395750	1.502862
13.193846	1.309012	0.987036	2.250064	1.131082
14.513230	1.329123	1.435634	0.560983	1.488920
15.832615	1.461640	1.314114	1.539505	1.274147
17.151999	1.235868	1.089158	0.964625	1.410723
18.471384	1.319413	1.697719	1.210348	1.668202
19.790768	1.294634	0.991604	1.416414	0.753548
21.110153	1.508688	1.547851	1.317878	1.288880
22.429538	1.044023	0.992446	1.648096	1.356626
23.748922	1.286714	1.375312	1.276686	1.379459
25.068307	1.690038	1.528703	1.334357	1.319414
26.387691	0.878615	1.031759	0.984678	1.411556
27.707076	1.646049	1.571431	2.514523	1.225906
29.026460	1.690047	1.192718	0.681979	1.328111
30.345845	1.319385	1.319415	0.726903	1.650407
31.665230	1.319385	1.319385	1.330988	1.590957
32.984614	0.705054	1.207366	1.643345	0.882799
34.303999	1.268099	1.527108	1.139632	1.096402
35.623383	1.521970	1.231952	2.119464	1.687573
36.942768	1.211398	1.315988	0.346777	1.058144
38.262152	1.532067	1.424931	1.636615	1.509382
39.581537	1.026313	1.128251	1.821335	1.684493
40.900921	1.412169	1.866135	0.584813	0.775099
42.220306	1.328076	0.871108	1.650787	1.556952
43.539691	1.214032	1.178060	1.402690	1.014460
44.859075	1.324975	2.369129	0.827583	1.960132
46.178460	1.804736	1.579830	2.605453	1.412902
47.497844	1.751226	0.054579	1.319385	0.960130
48.817229	0.425374	1.271370	0.583440	1.723820
50.136613	2.177673	1.910202	0.771455	0.826358
51.455998	0.876216	0.857190	1.303572	1.322865
52.775383	1.535268	1.892502	1.438905	1.798505
54.094767	0.805647	0.932570	1.936103	0.573406
55.414152	1.534969	1.055734	0.585723	1.241480
56.733536	0.972763	1.296865	1.701644	1.361420
58.052921	2.387263	2.416076	1.319416	1.977532
59.372305	0.283735	0.288859	1.971285	1.033232
60.691690	1.829158	2.124247	0.347970	1.505218
62.011074	0.836895	0.583412	1.838405	1.948194
63.330459	1.842321	1.790071	1.216010	0.337207
64.649844	0.801274	0.806736	0.516626	0.909154
65.969228	0.749360	0.718843	0.313408	0.737006
node:thread/type/sum(duration)	MPI_Irecv	MPI_Isend	MPI_Wait	MPI_Allreduce	MPI_Comm_rank	MPI_Comm_size	MPI_Finalize	User_Marker_Interval	Running
0:0	0.010280	0.128681	45.575252	0.603943	0.000081	0.000046	0.742346	17.054981	0.096024
0:1	0.000000	0.000000	0.000000	0.000000	0.000000	0.000000	0.000000	0.000000	0.047984
0:2	0.000000	0.000000	0.000000	0.000000	0.000000	0.000000	0.000000	0.000000	0.032483
0:3	0.000000	0.000000	0.000000	0.000000	0.000000	0.000000	0.000000	0.000000	0.000764
1:0	0.009729	0.105924	45.925704	0.462592	0.000058	0.000035	0.711421	16.914060	0.092810
1:1	0.000000	0.000000	0.000000	0.000000	0.000000	0.000000	0.000000	0.000000	0.046382
1:2	0.000000	0.000000	0.000000	0.000000	0.000000	0.000000	0.000000	0.000000	0.031465
1:3	0.000000	0.000000	0.000000	0.000000	0.000000	0.000000	0.000000	0.000000	0.000883
2:0	0.013564	0.112103	45.661272	0.487811	0.000066	0.000044	0.745942	16.966653	0.096124
2:1	0.000000	0.000000	0.000000	0.000000	0.000000	0.000000	0.000000	0.000000	0.042118
2:2	0.000000	0.000000	0.000000	0.000000	0.000000	0.000000	0.000000	0.000000	0.031543
2:3	0.000000	0.000000	0.000000	0.000000	0.000000	0.000000	0.000000	0.000000	0.000772
3:0	0.010062	0.094338	45.477179	0.621442	0.000289	0.000043	0.741247	17.227960	0.072245
3:1	0.000000	0.000000	0.000000	0.000000	0.000000	0.000000	0.000000	0.000000	0.046091
3:2	0.000000	0.000000	0.000000	0.000000	0.000000	0.000000	0.000000	0.000000	0.031840
3:3	0.000000	0.000000	0.000000	0.000000	0.000000	0.000000	0.000000	0.000000	0.000825
type/node:thread/sum(duration)	0:0	0:1	0:2	0:3	1:0	1:1	1:2	1:3	2:0	2:1	2:2	2:3	3:0	3:1	3:2	3:3
MPI_Irecv	0.010280	0.000000	0.000000	0.000000	0.009729	0.000000	0.000000	0.000000	0.013564	0.000000	0.000000	0.000000	0.010062	0.000000	0.000000	0.000000
MPI_Isend	0.128681	0.000000	0.000000	0.000000	0.105924	0.000000	0.000000	0.000000	0.112103	0.000000	0.000000	0.000000	0.094338	0.000000	0.000000	0.000000
MPI_Wait	45.575252	0.000000	0.000000	0.000000	45.925704	0.000000	0.000000	0.000000	45.661272	0.000000	0.000000	0.000000	45.477179	0.000000	0.000000	0.000000
MPI_Allreduce	0.603943	0.000000	0.000000	0.000000	0.462592	0.000000	0.000000	0.000000	0.487811	0.000000	0.000000	0.000000	0.621442	0.000000	0.000000	0.000000
MPI_Comm_rank	0.000081	0.000000	0.000000	0.000000	0.000058	0.000000	0.000000	0.000000	0.000066	0.000000	0.000000	0.000000	0.000289	0.000000	0.000000	0.000000
MPI_Comm_size	0.000046	0.000000	0.000000	0.000000	0.000035	0.000000	0.000000	0.000000	0.000044	0.000000	0.000000	0.000000	0.000043	0.000000	0.000000	0.000000
MPI_Finalize	0.742346	0.000000	0.000000	0.000000	0.711421	0.000000	0.000000	0.000000	0.745942	0.000000	0.000000	0.000000	0.741247	0.000000	0.000000	0.000000
User_Marker_Interval	17.054981	0.000000	0.000000	0.000000	16.914060	0.000000	0.000000	0.000000	16.966653	0.000000	0.000000	0.000000	17.227960	0.000000	0.000000	0.000000
Running	0.096024	0.047984	0.032483	0.000764	0.092810	0.046382	0.031465	0.000883	0.096124	0.042118	0.031543	0.000772	0.072245	0.046091	0.031840	0.000825
node/type/sum(duration)	MPI_Irecv	MPI_Isend	MPI_Wait	MPI_Allreduce	MPI_Comm_rank	MPI_Comm_size	MPI_Finalize	User_Marker_Interval	Running
0	0.010280	0.128681	45.575252	0.603943	0.000081	0.000046	0.742346	17.054981	0.177255
1	0.009729	0.105924	45.925704	0.462592	0.000058	0.000035	0.711421	16.914060	0.171540
2	0.013564	0.112103	45.661272	0.487811	0.000066	0.000044	0.745942	16.966653	0.170557
3	0.010062	0.094338	45.477179	0.621442	0.000289	0.000043	0.741247	17.227960	0.151001
type/node/sum(duration)	0	1	2	3
MPI_Irecv	0.010280	0.009729	0.013564	0.010062
MPI_Isend	0.128681	0.105924	0.112103	0.094338
MPI_Wait	45.575252	45.925704	45.661272	45.477179
MPI_Allreduce	0.603943	0.462592	0.487811	0.621442
MPI_Comm_rank	0.000081	0.000058	0.000066	0.000289
MPI_Comm_size	0.000046	0.000035	0.000044	0.000043
MPI_Finalize	0.742346	0.711421	0.745942	0.741247
User_Marker_Interval	17.054981	16.914060	16.966653	17.227960
Running	0.177255	0.171540	0.170557	0.151001
node/cpu/sum(duration)	0	1	2	3	4	5	6	7
0	24.583354	0.001454	6.847707	0.000000	32.793532	0.004231	0.023449	0.039138
1	0.030934	64.222333	0.000000	0.022601	0.008412	0.000531	0.016252	0.000000
2	58.478295	0.000000	0.001290	0.012144	0.002060	0.000772	0.043217	5.620234
3	1.854978	0.000000	0.451337	16.304034	0.018925	1.971368	33.671947	10.050972
